           1   1.0065995849634894        1.7915423879571471E-002
           2   1.0152673096543696        1.7939303532250553E-002
           3   1.0105408675509542        1.7779363802401183E-002
           4   1.0147241396480273        1.7929375187069701E-002
           5   1.0118338450340687        1.7929811596530364E-002
           6   1.0149864575541832        1.8027087185947845E-002
           7   1.0137733799493287        1.7797835598938900E-002
           8   1.0080347446186118        1.7748595505204683E-002
           9   1.0177624219512642        1.8025150627463019E-002
          10   1.0096685408669559        1.7904484596933303E-002
          11   1.0192260822795010        1.7965721417481057E-002
          12   1.0162861969504238        1.7973963141953722E-002
          13   1.0173425697252378        1.8040534511102321E-002
          14   1.0123661471408874        1.7802135843105433E-002
          15   1.0143867653301328        1.7861745240666301E-002
          16   1.0115887956852860        1.7834911290312089E-002
          17   1.0162293955160684        1.7832112801050837E-002
          18   1.0074253348120437        1.7775647138869810E-002
          19   1.0123995468582703        1.7916387890969096E-002
          20   1.0085373518476097        1.7815750941436784E-002
          21   1.0141494796580390        1.7858677613617265E-002
          22   1.0187942291488199        1.7999234146917190E-002
          23   1.0135453487142916        1.8066035065643922E-002
          24   1.0157419783960506        1.7851164608171075E-002
          25   1.0193469024611381        1.7931032071802820E-002
          26   1.0174221616636572        1.7973824237063934E-002
          27   1.0094476062179363        1.7821154224492777E-002
          28   1.0207583072971869        1.7967141836450956E-002
          29   1.0139475303139389        1.8025695361431261E-002
          30   1.0139931525978021        1.7979739906820197E-002
          31   1.0105686923936554        1.7903548661055188E-002
          32   1.0133835949940524        1.7886221636271685E-002
          33   1.0069642107071581        1.7795132823386895E-002
          34   1.0176998419080105        1.7948067429380644E-002
          35   1.0123464326362914        1.8095998730319890E-002
          36   1.0083626036108122        1.7780922570601407E-002
          37   1.0145859897710059        1.7871899362154310E-002
          38   1.0176013617117665        1.7912327642870870E-002
          39   1.0110658236743295        1.7906397005269834E-002
          40   1.0200760893843226        1.8019097161806517E-002
          41   1.0187392806881366        1.8190668031060127E-002
          42   1.0171678958402441        1.7966922174278498E-002
          43   1.0180923292492576        1.8057927899229838E-002
          44   1.0123648493593687        1.7901227481940458E-002
          45   1.0107767297057668        1.7889332222702614E-002
          46   1.0146387701412427        1.7881528680855904E-002
          47   1.0186185220536286        1.7971931290539055E-002
          48   1.0078658291920417        1.7896493616610772E-002
          49   1.0098535015955408        1.7817499409993123E-002
          50   1.0125044652972306        1.7942898423929769E-002
          51   1.0072019467339990        1.7806410956466043E-002
          52   1.0181743072141802        1.7962320747951337E-002
          53   1.0141552265892850        1.7921053720322103E-002
          54   1.0113664592309854        1.7861706624971618E-002
          55   1.0098096135933143        1.7739049395534796E-002
          56   1.0136960442581626        1.7893503221039685E-002
          57   1.0135718321718832        1.7812019874563274E-002
          58   1.0106478701308717        1.7797510405422115E-002
          59   1.0091028399314059        1.7789550693422470E-002
          60   1.0092877310343442        1.7777630076897803E-002
          61   1.0157684027439875        1.7962184599551442E-002
          62   1.0175347176252776        1.7911668752298288E-002
          63   1.0066675205552813        1.7738820018643318E-002
          64   1.0149905187156263        1.7923490596976850E-002
          65   1.0123029608747760        1.7942119805852842E-002
          66   1.0157857298689354        1.8016356450458494E-002
          67   1.0156259163508075        1.7869291285914080E-002
          68   1.0154619444328514        1.7998106141238413E-002
          69   1.0134301685784741        1.7875106051611047E-002
          70   1.0185658349022413        1.8192483741188266E-002
          71   1.0175005148108092        1.7936087283993832E-002
          72   1.0223707972601304        1.8097297397143018E-002
          73   1.0143409987354008        1.8003039835064759E-002
          74   1.0163812235594312        1.7978749292725020E-002
          75   1.0143098631542351        1.7974593615792751E-002
          76   1.0169816144622046        1.7922933203282913E-002
          77   1.0059738213786908        1.7870660374595209E-002
          78   1.0140663559651564        1.7831546841241577E-002
          79   1.0161873477072507        1.7895172337611301E-002
          80   1.0129553467766856        1.7892599723546461E-002
          81   1.0150828294982801        1.7837650557766174E-002
          82   1.0160696998219032        1.7995638710345679E-002
          83   1.0204487261493240        1.8004579637395095E-002
          84   1.0151650568351489        1.7863450712045276E-002
          85   1.0135307353391956        1.8102169794840226E-002
          86   1.0159973649965324        1.8070687680243756E-002
          87   1.0140557442464617        1.7894145091000489E-002
          88   1.0197270915317278        1.8146994745727115E-002
          89   1.0093616112579906        1.8237179023872764E-002
          90   1.0155715029625503        1.7883772794438292E-002
          91   1.0173837169326374        1.7918181945116542E-002
          92   1.0144572068269164        1.7890652192304381E-002
          93   1.0142160815351726        1.7866607568172363E-002
          94   1.0140791132230822        1.7960242205180995E-002
          95   1.0192265896702297        1.7999612448451427E-002
          96   1.0175414851897313        1.8009820663020478E-002
          97   1.0096804991628454        1.8005504205262948E-002
          98   1.0102435335679667        1.7802141941070281E-002
          99   1.0097570776788753        1.7908655121063665E-002
         100   1.0115307707934824        1.7800343545288429E-002
         101   1.0148622987459412        1.7909261097328051E-002
         102   1.0257526523405962        1.8216872307035715E-002
         103   1.0112105190394207        1.8029248584863738E-002
         104   1.0175872791182312        1.8200600850077863E-002
         105   1.0191310269509632        1.8097809759651761E-002
         106   1.0297406398334925        1.8466072486582524E-002
         107   1.0340912105289581        1.9402096170222073E-002
         108   1.0625784160778005        1.8280161127078677E-002
         109   1.0482682405208628        1.8731246070724249E-002
         110   1.0561742238653220        2.0274132003368441E-002
         111   1.0793467762600299        2.1979221576501035E-002
         112   1.0773877801014360        2.2688822102890176E-002
         113   1.0808808622039137        2.1289792645806507E-002
         114   1.0911297016502586        2.1651859194242361E-002
         115   1.0846246457163995        2.1054533535518814E-002
         116   1.1062124177179540        2.1375270043846130E-002
         117   1.1178088628849838        2.0719073682327047E-002
         118   1.1644606916367257        3.2099258428366556E-002
         119   1.1366952479839545        2.4856066342738063E-002
         120   1.1392509993542246        2.3766704058036856E-002
         121   1.1406007352156640        2.2424653780244618E-002
         122   1.1375981348985793        2.2025655271279955E-002
         123   1.1572731878031055        2.2484855420794939E-002
         124   1.1766403610323006        2.3244588475367201E-002
         125   1.1572221373843889        2.2465373560098416E-002
         126   1.1699782757206643        2.3629662788436253E-002
         127   1.2244769841525136        2.7866822069518217E-002
         128   1.2132590207518252        2.6798250892886042E-002
         129   1.2106622019913365        2.3223117892025850E-002
         130   1.2130652210859443        2.3096660264324682E-002
         131   1.2264728360311137        2.9828276459419333E-002
         132   1.2134280520714482        2.3878123939175579E-002
         133   1.2207301218435340        2.4030196794287893E-002
         134   1.2278603342455734        2.2669367286227229E-002
         135   1.2275279178660912        2.5234639711336410E-002
         136   1.2184528498620320        2.5743670271244634E-002
         137   1.2395055091039169        2.7599157041319506E-002
         138   1.2549601398766972        2.8797214589092266E-002
         139   1.2650173124893904        2.6215472444290892E-002
         140   1.2425662349451116        2.4692651791186914E-002
         141   1.2580446268620247        2.6872903734714078E-002
         142   1.2337481483639308        2.7022849440840341E-002
         143   1.2643285017192682        2.5495350138616101E-002
         144   1.2297820338055241        2.6188884558090108E-002
         145   1.1936033378340773        2.2113638500959855E-002
         146   1.2184363209540312        2.3822797583521571E-002
         147   1.1906600308911082        2.3511365230200174E-002
         148   1.2009046947050630        2.3142269486236669E-002
         149   1.2193132383811103        2.3631781640961559E-002
         150   1.2071927204945938        2.5452950791476116E-002
         151   1.2067932735560871        2.4833301799160525E-002
         152   1.2010305324302846        2.7398841291962447E-002
         153   1.1904236514398692        2.6006291512429894E-002
         154   1.2030147007778647        2.3743708077773974E-002
         155   1.1920641994994552        3.0677010169040991E-002
         156   1.1846412730972555        2.4318357308395922E-002
         157   1.1845168096206826        2.3599103318002666E-002
         158   1.1632898890866483        2.1902211022466103E-002
         159   1.1348775302450422        2.1417804149319403E-002
         160   1.1384816784571423        2.2574984551239591E-002
         161   1.1318830160200186        2.2775213633813792E-002
         162   1.1269821433378693        2.1316331351555862E-002
         163   1.1019045999741390        2.2150583571618618E-002
         164   1.0977706435776262        2.0931953723862078E-002
         165   1.0914910962090749        1.9571998070367750E-002
         166   1.0930306160018193        1.9905581428478109E-002
         167   1.0817763783046075        2.0141789446301461E-002
         168   1.0660461691776890        1.9146536573794028E-002
         169   1.0650416566628014        1.8984488450633465E-002
         170   1.0531411399323418        1.9708452723518614E-002
         171   1.0462179304874710        1.9149616244411683E-002
         172   1.0495568829471564        1.9039143763539601E-002
         173   1.0402961269933424        1.8824888647676501E-002
         174   1.0309077988635200        1.8325383540652568E-002
         175   1.0284695934260539        1.8294950360575091E-002
         176   1.0239610658209104        1.8087027355112275E-002
         177   1.0238418596029522        1.8644643703407397E-002
         178   1.0228841183227562        1.8107325296308218E-002
         179   1.0206304974486293        1.8140885773829257E-002
         180   1.0110479463836854        1.8070752787056353E-002
         181   1.0043738358843286        1.7808422176959639E-002
         182   1.0027118499338876        1.7650059068466551E-002
         183   1.0041988012284755        1.7730005031827055E-002
         184   1.0052425691979965        1.7840039425428535E-002
         185   1.0037583318400662        1.7774375462355049E-002
         186   1.0042671073117411        1.7817087926693252E-002
         187  0.99828675708431425        1.7723563057303476E-002
         188   1.0005797999076327        1.7644991606398104E-002
         189  0.99949950238222429        1.7575324921559232E-002
         190   1.0055518373557379        1.7769902981582240E-002
         191   1.0028896802842133        1.7839369389237143E-002
         192   1.0009825999111590        1.7735713986746407E-002
         193  0.99849956017513408        1.7640223332062943E-002
         194   1.0020315679006717        1.7612108794463656E-002
         195   1.0037342088689962        1.7868964359001434E-002
         196   1.0002755016965676        1.7704905314208156E-002
         197  0.99754830195136635        1.7491772662164153E-002
         198   1.0047421985716263        1.7654951430557682E-002
         199  0.99924007971660389        1.7571548269366303E-002
         200   1.0012837434009680        1.7621144815077153E-002
         201  0.99331542650633298        1.7533896851770245E-002
         202  0.99904810041777725        1.7581873945039642E-002
         203   1.0043731029806422        1.7685819090772669E-002
         204   1.0011612274263777        1.7801568766021771E-002
         205  0.99801348880837415        1.7710595167674821E-002
         206   1.0024203719946942        1.7851131802585581E-002
         207   1.0022332057015697        1.7716784664654997E-002
         208   1.0000953663379712        1.7606983283240060E-002
         209   1.0038277664520028        1.7642711189666843E-002
         210   1.0119285461068688        1.7790444372100405E-002
         211   1.0010542561726787        1.7622503174822488E-002
         212  0.99855779742692796        1.7575460903771819E-002
         213   1.0060141323279079        1.7743347953042363E-002
         214   1.0020441897486718        1.7724496582906566E-002
         215   1.0033424789331364        1.7666828096624149E-002
         216   1.0044947243096518        1.7724458229959560E-002
         217   1.0039146833202188        1.7739241657505008E-002
         218   1.0007819773770019        1.7851657587883062E-002
         219   1.0029609719370816        1.7679897319350147E-002
         220   1.0011705433541342        1.7545799824747094E-002
         221  0.99868163661694187        1.7556569640700893E-002
         222   1.0047661189507211        1.7721937854953067E-002
         223   1.0074412046049226        1.7822873279254099E-002
         224   1.0036935743517337        1.7781392470301392E-002
         225   1.0050377717701815        1.7814345680251711E-002
         226  0.99828719244029929        1.7680837254307174E-002
         227   1.0061099985510191        1.7843760944519099E-002
         228   1.0056239639187288        1.7932455628133566E-002
         229   1.0066015865952316        1.7737386161208579E-002
         230   1.0111175154837619        1.7852927974346296E-002
         231   1.0095177208348871        1.7733868868646561E-002
         232   1.0095425251620995        1.7836625635289080E-002
         233   1.0083508836658372        1.7839286011245924E-002
         234   1.0155243450450000        1.7871214593444276E-002
         235   1.0115037609048820        1.7870546382289267E-002
         236   1.0075038515219461        1.7834331688599811E-002
         237   1.0067668242415684        1.7723072053297366E-002
         238   1.0117854925800536        1.7771230181788011E-002
         239   1.0110526617746631        1.7833083939453907E-002
         240   1.0097721818324894        1.7903071465766116E-002
         241   1.0035714238033295        1.7683156519491858E-002
         242   1.0090743338344048        1.7839943674537572E-002
         243   1.0099937326049293        1.7847246050106680E-002
         244   1.0147656014780957        1.7873280917555349E-002
         245   1.0073410148316142        1.7847271154251488E-002
         246   1.0083200361777751        1.7904152848427175E-002
         247   1.0138056131900386        1.8078462498852775E-002
         248   1.0053603060845966        1.7686912334979481E-002
         249   1.0181438713855704        1.7973699281533719E-002
         250   1.0041985095853414        1.7703960148227400E-002
         251   1.0114996403317154        1.7784280127507504E-002
         252   1.0152759343331781        1.7969656601419002E-002
         253   1.0070161072559956        1.7690004312013518E-002
         254   1.0106392062977798        1.7787910828959121E-002
         255   1.0115417371458946        1.7844973229388047E-002
         256   1.0094592385496821        1.7687666818851675E-002
         257   1.0121955570818930        1.7908236433449607E-002
         258   1.0069352477000399        1.7784537947757303E-002
         259  0.99951066413297729        1.7705366614765520E-002
         260   1.0064698168427544        1.7742886023423748E-002
         261   1.0102525458209073        1.7933920118736679E-002
         262   1.0124979158691023        1.7840876930841441E-002
         263   1.0065863459684505        1.7782363233132911E-002
         264   1.0116293825123730        1.7861910963653003E-002
         265   1.0148403457951543        1.7856912869200148E-002
         266   1.0082855822481924        1.7769457401354417E-002
         267   1.0062154061850597        1.7688584731487704E-002
         268   1.0073032782457643        1.7716901614385921E-002
         269   1.0093252705795663        1.7944248393052618E-002
         270   1.0095180499254974        1.7926604104735688E-002
         271   1.0069603174305115        1.7802351098613920E-002
         272   1.0118409912748767        1.7836160370567990E-002
         273   1.0072985546833315        1.7712698265820309E-002
         274   1.0005577335330031        1.7700588872979577E-002
         275   1.0043885145266016        1.7831360408940306E-002
         276   1.0083642127010459        1.7870207275006784E-002
         277   1.0097922198141009        1.7872094828132127E-002
         278   1.0031227031184322        1.7920394368715238E-002
         279   1.0040860494184065        1.7714722133193542E-002
         280   1.0116717820957979        1.7867101720353745E-002
         281  0.99902758805134495        1.7674721478784104E-002
         282   1.0010009628342516        1.7784297571548233E-002
         283  0.99991104594202085        1.7702841834168887E-002
         284   1.0025172681572287        1.7688249347866770E-002
         285   1.0055676572575956        1.7731588470471422E-002
         286   1.0012674297031763        1.7622337780893955E-002
         287   1.0073330292388498        1.7900800575924653E-002
         288   1.0049851148331239        1.7721602248483952E-002
         289   1.0011239042715852        1.7573721562002972E-002
         290  0.99897470613354644        1.7648407767810657E-002
         291  0.99843710926628548        1.7612129512119181E-002
         292  0.99573937013544611        1.7577263689337843E-002
         293  0.99902041008716924        1.7586302182382135E-002
         294  0.99800078310903029        1.7598616641300524E-002
         295   1.0028815108937288        1.7839636096553719E-002
         296   1.0021579093696618        1.7662491269150281E-002
         297   1.0019556844373678        1.7709648395502806E-002
